4.981999999999999 -0.016000000000000143 -0.01400000000000014 -0.012000000000000028 -0.009999999999999915 -0.008000000000000135 -0.006000000000000022 -0.0039999999999999645 -0.0019999999999999077 0 
-0.016000000000000143 4.976 -0.012000000000000028 -0.010000000000000026 -0.008000000000000024 -0.006000000000000244 -0.004000000000000131 -0.002000000000000074 0 0.001999999999999847 
-0.01400000000000014 -0.012000000000000028 4.97 -0.008000000000000024 -0.006000000000000022 -0.004000000000000131 -0.0020000000000001297 0 0.001999999999999985 0.003999999999999849 
-0.012000000000000028 -0.010000000000000026 -0.008000000000000024 4.9639999999999995 -0.003999999999999909 -0.0020000000000000187 0 0.002000000000000096 0.004000000000000098 0.005999999999999962 
-0.009999999999999915 -0.008000000000000024 -0.006000000000000022 -0.003999999999999909 4.958 0 0.001999999999999985 0.004000000000000098 0.0060000000000001 0.007999999999999964 
-0.008000000000000135 -0.006000000000000244 -0.004000000000000131 -0.0020000000000000187 0 4.952 0.003999999999999876 0.005999999999999989 0.00799999999999999 0.009999999999999854 
-0.006000000000000022 -0.004000000000000131 -0.0020000000000001297 0 0.001999999999999985 0.003999999999999876 4.946 0.008000000000000045 0.010000000000000103 0.011999999999999967 
-0.0039999999999999645 -0.002000000000000074 0 0.002000000000000096 0.004000000000000098 0.005999999999999989 0.008000000000000045 4.9399999999999995 0.012000000000000104 0.013999999999999969 
-0.0019999999999999077 0 0.001999999999999985 0.004000000000000098 0.0060000000000001 0.00799999999999999 0.010000000000000103 0.012000000000000104 4.934 0.01600000000000008 
0 0.001999999999999847 0.003999999999999849 0.005999999999999962 0.007999999999999964 0.009999999999999854 0.011999999999999967 0.013999999999999969 0.01600000000000008 4.928000000000001 
