0.0251676 0.00151871 0.0117662 0.0266977 0.677233 0.169849 0.23686 -0.390562 0.542415 0.0905639 
0.161845 0.462611 0.0950384 0.377378 -0.28059 0.0465717 -0.0829261 0.155788 0.352826 0.60979 
0.170617 0.0652818 0.284606 -0.287376 0.0432772 -0.119944 -0.290049 0.497412 0.536482 -0.409202 
0.0163312 0.338141 -0.0560517 0.695713 0.325506 -0.0825412 0.00953161 0.190328 -0.206597 -0.454397 
0.574401 -0.192746 0.153402 0.239524 -0.333678 0.277892 -0.193524 -0.475991 0.0809926 -0.304726 
0.528607 -0.3518 -0.0754325 0.0594589 0.381013 -0.41777 -0.295717 0.138029 -0.199478 0.348683 
0.173907 -0.117383 0.703943 0.0426841 -0.0131952 -0.095159 0.63286 0.141671 -0.161786 0.0514272 
0.277521 0.602161 -0.0760795 -0.349865 -0.0421931 -0.503302 0.136036 -0.369407 -0.091219 -0.117427 
0.455675 0.0177073 -0.550217 -0.136861 -0.050224 0.323167 0.475494 0.366002 0.0239886 -0.0544431 
0.139761 0.360256 0.270927 -0.293948 0.306283 0.573778 -0.28773 0.058633 -0.411562 0.110439 

