4.82 -0.16000000000000011 -0.13999999999999987 -0.12000000000000009 -0.09999999999999985 -0.07999999999999995 -0.06000000000000003 -0.03999999999999985 -0.019999999999999997 0 
-0.16000000000000011 4.760000000000001 -0.12000000000000009 -0.10000000000000007 -0.07999999999999995 -0.06000000000000003 -0.040000000000000126 -0.01999999999999994 0 0.02000000000000005 
-0.13999999999999987 -0.12000000000000009 4.7 -0.08000000000000006 -0.05999999999999981 -0.040000000000000015 -0.020000000000000108 0 0.02000000000000004 0.040000000000000174 
-0.12000000000000009 -0.10000000000000007 -0.08000000000000006 4.640000000000001 -0.040000000000000015 -0.020000000000000108 0 0.019999999999999983 0.039999999999999834 0.05999999999999997 
-0.09999999999999985 -0.07999999999999995 -0.05999999999999981 -0.040000000000000015 4.579999999999999 0 0.019999999999999928 0.0400000000000001 0.05999999999999996 0.0800000000000001 
-0.07999999999999995 -0.06000000000000003 -0.040000000000000015 -0.020000000000000108 0 4.52 0.039999999999999765 0.05999999999999995 0.07999999999999986 0.1 
-0.06000000000000003 -0.040000000000000126 -0.020000000000000108 0 0.019999999999999928 0.039999999999999765 4.46 0.0799999999999998 0.09999999999999966 0.1199999999999998 
-0.03999999999999985 -0.01999999999999994 0 0.019999999999999983 0.0400000000000001 0.05999999999999995 0.0799999999999998 4.3999999999999995 0.11999999999999968 0.13999999999999982 
-0.019999999999999997 0 0.02000000000000004 0.039999999999999834 0.05999999999999996 0.07999999999999986 0.09999999999999966 0.11999999999999968 4.34 0.15999999999999961 
0 0.02000000000000005 0.040000000000000174 0.05999999999999997 0.0800000000000001 0.1 0.1199999999999998 0.13999999999999982 0.15999999999999961 4.279999999999999 
