4.999820000000001 -0.00015999999999998237 -0.00013999999999974032 -0.00011999999999983136 -9.999999999992238e-05 -8.00000000000134e-05 -5.999999999988237e-05 -3.999999999986237e-05 -1.999999999995339e-05 0 
-0.00015999999999998237 4.999760000000001 -0.00011999999999983136 -9.999999999992238e-05 -8.00000000000134e-05 -6.000000000010442e-05 -3.999999999997339e-05 -1.999999999995339e-05 0 1.9999999999864578e-05 
-0.00013999999999974032 -0.00011999999999983136 4.999700000000001 -7.999999999979135e-05 -5.999999999988237e-05 -3.999999999997339e-05 -1.999999999995339e-05 0 2.0000000000086612e-05 3.9999999999995605e-05 
-0.00011999999999983136 -9.999999999992238e-05 -7.999999999979135e-05 4.999640000000001 -4.0000000000084415e-05 -2.0000000000175436e-05 0 1.999999999997559e-05 3.999999999988457e-05 5.999999999979356e-05 
-9.999999999992238e-05 -8.00000000000134e-05 -5.999999999988237e-05 -4.0000000000084415e-05 4.999580000000001 0 1.999999999997559e-05 3.999999999999559e-05 5.999999999990457e-05 7.999999999981356e-05 
-8.00000000000134e-05 -6.000000000010442e-05 -3.999999999997339e-05 -2.0000000000175436e-05 0 4.999520000000001 3.999999999999559e-05 5.999999999996008e-05 7.999999999992457e-05 9.999999999983357e-05 
-5.999999999988237e-05 -3.999999999997339e-05 -1.999999999995339e-05 0 1.999999999997559e-05 3.999999999999559e-05 4.999460000000001 7.999999999998008e-05 9.999999999994457e-05 0.00011999999999985357 
-3.999999999986237e-05 -1.999999999995339e-05 0 1.999999999997559e-05 3.999999999999559e-05 5.999999999996008e-05 7.999999999998008e-05 4.9994000000000005 0.00011999999999985355 0.00013999999999976255 
-1.999999999995339e-05 0 2.0000000000086612e-05 3.999999999988457e-05 5.999999999990457e-05 7.999999999992457e-05 9.999999999994457e-05 0.00011999999999985355 4.999340000000001 0.00015999999999967153 
0 1.9999999999864578e-05 3.9999999999995605e-05 5.999999999979356e-05 7.999999999981356e-05 9.999999999983357e-05 0.00011999999999985357 0.00013999999999976255 0.00015999999999967153 4.999280000000001 
