0.0287327 0.000801112 0.00943859 0.0252176 0.673976 0.166174 0.236275 -0.393416 0.546212 0.0874142 
0.16382 0.459009 0.0955798 0.378182 -0.279772 0.0440362 -0.0856468 0.154673 0.354064 0.611134 
0.171885 0.0651994 0.28178 -0.286526 0.0429702 -0.12323 -0.289559 0.499865 0.534607 -0.410075 
0.0170351 0.336627 -0.0551102 0.697973 0.325931 -0.080877 0.0117465 0.189647 -0.206294 -0.452499 
0.574871 -0.191507 0.153767 0.236025 -0.335677 0.278122 -0.195528 -0.474608 0.0778511 -0.306465 
0.529064 -0.351437 -0.0729977 0.0563827 0.383009 -0.416626 -0.294552 0.135428 -0.205128 0.347308 
0.172516 -0.117168 0.705155 0.0414653 -0.0137668 -0.0934806 0.633304 0.139842 -0.159088 0.0517777 
0.276226 0.604394 -0.0777394 -0.348608 -0.0451408 -0.502761 0.137734 -0.366461 -0.093959 -0.11806 
0.455592 0.016854 -0.549569 -0.135364 -0.0510277 0.32461 0.475485 0.366882 0.0227286 -0.0512036 
0.135978 0.363667 0.272125 -0.294316 0.308546 0.57525 -0.285892 0.0585133 -0.406371 0.110334 

