-0.285212 0.0642569 0.480494 0.270816 0.627984 0.328883 0.20737 -0.176164 -0.0496198 0.187797 
0.0104163 0.766828 -0.0283331 0.0680407 -0.295208 0.25842 0.266685 0.292548 -0.271565 0.159138 
0.0947251 -0.0453144 0.592672 -0.269696 -0.13774 0.0855003 -0.345382 0.492936 0.332948 0.263653 
0.0284236 0.272391 -0.145515 0.676175 0.192683 -0.319533 -0.285918 0.256635 0.391543 -0.0946502 
0.476524 -0.200699 0.136516 0.501791 -0.386497 0.350842 -0.14088 -0.344565 -0.0606568 0.215989 
0.442801 -0.26842 -0.239862 0.0360995 0.407326 -0.0154667 0.0439541 0.487925 -0.433198 0.278263 
0.280417 -0.114411 0.423607 0.141213 -0.131835 -0.408374 0.657355 0.114093 0.0434792 -0.277034 
0.34579 0.386894 0.148488 -0.232929 0.186212 -0.506079 -0.169042 -0.445502 -0.0872487 0.355104 
0.414844 0.120339 -0.27542 -0.231556 0.227687 0.346563 0.310469 -0.0778845 0.636375 0.0113133 
0.339585 0.204961 0.205836 -0.105676 0.207841 0.222088 -0.325541 -0.0135349 -0.231981 -0.730671 

