-0.00697151 0.0089561 0.0361237 0.0379195 0.704445 0.203371 0.239448 -0.362177 0.506732 0.120914 
0.14417 0.495497 0.090064 0.367326 -0.287674 0.0718459 -0.0570258 0.168944 0.334546 0.599404 
0.159487 0.0654467 0.312012 -0.296683 0.0442277 -0.0860881 -0.295613 0.478668 0.549867 -0.396166 
0.0108611 0.349639 -0.0642899 0.676275 0.32173 -0.101193 -0.0120224 0.194157 -0.201943 -0.473129 
0.569239 -0.201993 0.150614 0.27119 -0.315202 0.277782 -0.177932 -0.486831 0.11103 -0.285221 
0.523718 -0.353034 -0.0974836 0.0848858 0.363706 -0.425223 -0.302798 0.162768 -0.148456 0.361838 
0.186334 -0.119759 0.692225 0.0547235 -0.0100982 -0.112542 0.628665 0.156217 -0.185755 0.0445822 
0.288626 0.581364 -0.06063 -0.359245 -0.0162868 -0.508701 0.120082 -0.395367 -0.0615169 -0.110442 
0.455671 0.0261353 -0.554022 -0.150989 -0.0396017 0.313204 0.476863 0.354909 0.0349204 -0.0861818 
0.172152 0.330799 0.259075 -0.287517 0.286295 0.555257 -0.302484 0.0573456 -0.462915 0.106801 

