8.200000000000001 -1.5999999999999996 -1.3999999999999997 -1.2 -1.0 -0.8 -0.6 -0.3999999999999999 -0.19999999999999984 0 
-1.5999999999999996 7.600000000000001 -1.2 -1.0 -0.8000000000000003 -0.6 -0.4 -0.19999999999999993 0 0.20000000000000018 
-1.3999999999999997 -1.2 7.000000000000002 -0.8000000000000005 -0.6000000000000002 -0.4 -0.20000000000000004 0 0.2 0.4 
-1.2 -1.0 -0.8000000000000005 6.400000000000001 -0.40000000000000024 -0.19999999999999998 0 0.19999999999999987 0.39999999999999986 0.5999999999999999 
-1.0 -0.8000000000000003 -0.6000000000000002 -0.40000000000000024 5.800000000000002 0 0.19999999999999984 0.3999999999999998 0.5999999999999999 0.7999999999999998 
-0.8 -0.6 -0.4 -0.19999999999999998 0 5.200000000000001 0.4 0.6 0.8 1.0000000000000002 
-0.6 -0.4 -0.20000000000000004 0 0.19999999999999984 0.4 4.6000000000000005 0.7999999999999998 1.0 1.2000000000000002 
-0.3999999999999999 -0.19999999999999993 0 0.19999999999999987 0.3999999999999998 0.6 0.7999999999999998 4.0 1.1999999999999997 1.4 
-0.19999999999999984 0 0.2 0.39999999999999986 0.5999999999999999 0.8 1.0 1.1999999999999997 3.4000000000000004 1.6 
0 0.20000000000000018 0.4 0.5999999999999999 0.7999999999999998 1.0000000000000002 1.2000000000000002 1.4 1.6 2.8000000000000003 
